CvCO2IC = 0.5116;
CvO2IC = 0.1672;
VTCO2 = 15;
VTO2 = 6;
MRCO2 = 0.0033;   
MRO2 = 0.0038;   
