PbCO2IC = 48.2858;
MRbCO2 = 0.0517; 
QdBo = 0.8333;
SbCO2 = 0.3600;
SCO2 = 0.0043;
h = 0.0183;

