a1 = 0.3836;
a2 = 1.819;
alpha1 = 0.02598;  
alpha2 = 0.05591;
K1 = 13;  
K2 = 194.4;  
beta1 = 0.012275;  
beta2 = 0.03255;
C1 = 9;      
C2 = 87.00;  
Z = 0.0227;  

