%Dead Space
PIO2 = 150;
PICO2 = 0;

Dead1O2IC = 149.8824;
Dead2O2IC = 149.3923;
Dead3O2IC = 147.3503;
Dead4O2IC = 140.5179;
Dead5O2IC = 124.5641;

Dead1CO2IC = 0.1020;
Dead2CO2IC = 0.5274;
Dead3CO2IC = 2.2996;
Dead4CO2IC = 8.2293;
Dead5CO2IC = 22.0757;

Vdead1 = 0.03;
Vdead2 = 0.03;
Vdead3 = 0.03;
Vdead4 = 0.03;
Vdead5 = 0.03;

%Lungs Exchange
PAO2IC = 107.1983;
PACO2IC = 37.1484;
VLCO2 = 3;
VLO2 = 2.5;
s = 0.000;  
lambda = 863;

%Cardiovascular Mixing and Convection
T1 = 1;
T2 = 2;
PAO2_delayIC = 103.8436;
PACO2_delayIC = 39.6041;
PaCO2firstIC = 0.2150;
PaCO2secondIC = 38.4577;
PaO2firstIC = -0.2838;
PaO2secondIC = 105.4828;
Kdp = 0.588;

%Dissociation
a1 = 0.3836;
a2 = 1.819;
alpha1 = 0.02598;  
alpha2 = 0.05591;
K1 = 13;  
K2 = 194.4;  
beta1 = 0.012275;  
beta2 = 0.03255;
C1 = 9;      
C2 = 87.00;  
Z = 0.0227;  

%Body Tissues
CvCO2IC = 0.5116;
CvO2IC = 0.1672;
VTCO2 = 15;
VTO2 = 6;
MRCO2 = 0.0033;   
MRO2 = 0.0038;   

%Brain Tissues and Cerebral Flow
PbCO2IC = 48.2858;
MRbCO2 = 0.0517; 
QdBo = 0.8333;
SbCO2 = 0.3600;
SCO2 = 0.0043;
h = 0.0183;

%Blood Flow Regulation
c1 = 17;
A = 20.9;
PaCO2_0 = 40;
c2 = 11;
B = 92.8;
Tau_CO2 = 20;
PaO2_0 = 95;
C = 10570;
Tau_O2 = 10;
D = -5.251;
yO2IC = -0.0018;
yCO2IC = -0.0335;

%Ventilatory Drive
Ic = 45;
IpCO2 = 38;
IpO2 = 102.4;
Gc = 0.0750;  
Gp = 0.0063;  



