PAO2IC = 107.1983;
PACO2IC = 37.1484;
VLCO2 = 3;
VLO2 = 2.5;
s = 0.000; 
lambda = 863;
