Ic = 45;
IpCO2 = 38;
IpO2 = 102.4;
Gc = 0.0750;  
Gp = 0.0063;  
